{
 "cells": [
  {
   "cell_type": "code",
   "execution_count": 5,
   "metadata": {
    "collapsed": false
   },
   "outputs": [],
   "source": [
    "#load original data from csv file\n",
    "import pandas as pd\n",
    "original_data = pd.read_csv('data.csv')"
   ]
  },
  {
   "cell_type": "code",
   "execution_count": 6,
   "metadata": {
    "collapsed": false
   },
   "outputs": [
    {
     "name": "stdout",
     "output_type": "stream",
     "text": [
      "<class 'pandas.core.frame.DataFrame'>\n",
      "RangeIndex: 30697 entries, 0 to 30696\n",
      "Data columns (total 25 columns):\n",
      "action_type           30697 non-null object\n",
      "combined_shot_type    30697 non-null object\n",
      "game_event_id         30697 non-null int64\n",
      "game_id               30697 non-null int64\n",
      "lat                   30697 non-null float64\n",
      "loc_x                 30697 non-null int64\n",
      "loc_y                 30697 non-null int64\n",
      "lon                   30697 non-null float64\n",
      "minutes_remaining     30697 non-null int64\n",
      "period                30697 non-null int64\n",
      "playoffs              30697 non-null int64\n",
      "season                30697 non-null object\n",
      "seconds_remaining     30697 non-null int64\n",
      "shot_distance         30697 non-null int64\n",
      "shot_made_flag        25697 non-null float64\n",
      "shot_type             30697 non-null object\n",
      "shot_zone_area        30697 non-null object\n",
      "shot_zone_basic       30697 non-null object\n",
      "shot_zone_range       30697 non-null object\n",
      "team_id               30697 non-null int64\n",
      "team_name             30697 non-null object\n",
      "game_date             30697 non-null object\n",
      "matchup               30697 non-null object\n",
      "opponent              30697 non-null object\n",
      "shot_id               30697 non-null int64\n",
      "dtypes: float64(3), int64(11), object(11)\n",
      "memory usage: 5.9+ MB\n"
     ]
    }
   ],
   "source": [
    "#30697 rows, 25 colums\n",
    "#25697 rows of train data; 5000 rows of target data\n",
    "original_data.info()"
   ]
  },
  {
   "cell_type": "code",
   "execution_count": 43,
   "metadata": {
    "collapsed": false
   },
   "outputs": [
    {
     "data": {
      "text/plain": [
       "array(['2000-10-31', '2000-11-01', '2000-11-04', ..., '2000-06-14',\n",
       "       '2000-06-16', '2000-06-19'], dtype=object)"
      ]
     },
     "execution_count": 43,
     "metadata": {},
     "output_type": "execute_result"
    }
   ],
   "source": [
    "original_data['game_date'].unique()"
   ]
  },
  {
   "cell_type": "code",
   "execution_count": 30,
   "metadata": {
    "collapsed": false
   },
   "outputs": [],
   "source": [
    "#separate target data and train data\n",
    "import numpy as np\n",
    "targetdata=original_data[(np.isnan(original_data['shot_made_flag']))==True]\n",
    "traindata=original_data[(np.isnan(original_data['shot_made_flag']))==False]"
   ]
  },
  {
   "cell_type": "code",
   "execution_count": 33,
   "metadata": {
    "collapsed": false
   },
   "outputs": [
    {
     "data": {
      "text/html": [
       "<div>\n",
       "<table border=\"1\" class=\"dataframe\">\n",
       "  <thead>\n",
       "    <tr style=\"text-align: right;\">\n",
       "      <th></th>\n",
       "      <th>game_event_id</th>\n",
       "      <th>game_id</th>\n",
       "      <th>lat</th>\n",
       "      <th>loc_x</th>\n",
       "      <th>loc_y</th>\n",
       "      <th>lon</th>\n",
       "      <th>minutes_remaining</th>\n",
       "      <th>period</th>\n",
       "      <th>playoffs</th>\n",
       "      <th>seconds_remaining</th>\n",
       "      <th>shot_distance</th>\n",
       "      <th>shot_made_flag</th>\n",
       "      <th>team_id</th>\n",
       "      <th>shot_id</th>\n",
       "    </tr>\n",
       "  </thead>\n",
       "  <tbody>\n",
       "    <tr>\n",
       "      <th>game_event_id</th>\n",
       "      <td>1.000000</td>\n",
       "      <td>-0.005982</td>\n",
       "      <td>-0.059602</td>\n",
       "      <td>-0.029954</td>\n",
       "      <td>0.059602</td>\n",
       "      <td>-0.029954</td>\n",
       "      <td>-0.274276</td>\n",
       "      <td>0.955914</td>\n",
       "      <td>-0.007963</td>\n",
       "      <td>-0.018670</td>\n",
       "      <td>0.063295</td>\n",
       "      <td>-0.037232</td>\n",
       "      <td>NaN</td>\n",
       "      <td>0.025433</td>\n",
       "    </tr>\n",
       "    <tr>\n",
       "      <th>game_id</th>\n",
       "      <td>-0.005982</td>\n",
       "      <td>1.000000</td>\n",
       "      <td>0.011361</td>\n",
       "      <td>-0.012944</td>\n",
       "      <td>-0.011361</td>\n",
       "      <td>-0.012944</td>\n",
       "      <td>0.009581</td>\n",
       "      <td>0.005061</td>\n",
       "      <td>0.917898</td>\n",
       "      <td>-0.009029</td>\n",
       "      <td>-0.027247</td>\n",
       "      <td>-0.001612</td>\n",
       "      <td>NaN</td>\n",
       "      <td>0.761232</td>\n",
       "    </tr>\n",
       "    <tr>\n",
       "      <th>lat</th>\n",
       "      <td>-0.059602</td>\n",
       "      <td>0.011361</td>\n",
       "      <td>1.000000</td>\n",
       "      <td>0.017578</td>\n",
       "      <td>-1.000000</td>\n",
       "      <td>0.017578</td>\n",
       "      <td>0.077399</td>\n",
       "      <td>-0.039737</td>\n",
       "      <td>-0.000857</td>\n",
       "      <td>0.057766</td>\n",
       "      <td>-0.818124</td>\n",
       "      <td>0.148070</td>\n",
       "      <td>NaN</td>\n",
       "      <td>-0.033476</td>\n",
       "    </tr>\n",
       "    <tr>\n",
       "      <th>loc_x</th>\n",
       "      <td>-0.029954</td>\n",
       "      <td>-0.012944</td>\n",
       "      <td>0.017578</td>\n",
       "      <td>1.000000</td>\n",
       "      <td>-0.017578</td>\n",
       "      <td>1.000000</td>\n",
       "      <td>0.006624</td>\n",
       "      <td>-0.030059</td>\n",
       "      <td>-0.007751</td>\n",
       "      <td>0.001512</td>\n",
       "      <td>0.022307</td>\n",
       "      <td>-0.000848</td>\n",
       "      <td>NaN</td>\n",
       "      <td>-0.012453</td>\n",
       "    </tr>\n",
       "    <tr>\n",
       "      <th>loc_y</th>\n",
       "      <td>0.059602</td>\n",
       "      <td>-0.011361</td>\n",
       "      <td>-1.000000</td>\n",
       "      <td>-0.017578</td>\n",
       "      <td>1.000000</td>\n",
       "      <td>-0.017578</td>\n",
       "      <td>-0.077399</td>\n",
       "      <td>0.039737</td>\n",
       "      <td>0.000857</td>\n",
       "      <td>-0.057766</td>\n",
       "      <td>0.818124</td>\n",
       "      <td>-0.148070</td>\n",
       "      <td>NaN</td>\n",
       "      <td>0.033476</td>\n",
       "    </tr>\n",
       "    <tr>\n",
       "      <th>lon</th>\n",
       "      <td>-0.029954</td>\n",
       "      <td>-0.012944</td>\n",
       "      <td>0.017578</td>\n",
       "      <td>1.000000</td>\n",
       "      <td>-0.017578</td>\n",
       "      <td>1.000000</td>\n",
       "      <td>0.006624</td>\n",
       "      <td>-0.030059</td>\n",
       "      <td>-0.007751</td>\n",
       "      <td>0.001512</td>\n",
       "      <td>0.022307</td>\n",
       "      <td>-0.000848</td>\n",
       "      <td>NaN</td>\n",
       "      <td>-0.012453</td>\n",
       "    </tr>\n",
       "    <tr>\n",
       "      <th>minutes_remaining</th>\n",
       "      <td>-0.274276</td>\n",
       "      <td>0.009581</td>\n",
       "      <td>0.077399</td>\n",
       "      <td>0.006624</td>\n",
       "      <td>-0.077399</td>\n",
       "      <td>0.006624</td>\n",
       "      <td>1.000000</td>\n",
       "      <td>-0.047021</td>\n",
       "      <td>0.009583</td>\n",
       "      <td>0.024232</td>\n",
       "      <td>-0.064159</td>\n",
       "      <td>0.028342</td>\n",
       "      <td>NaN</td>\n",
       "      <td>-0.008251</td>\n",
       "    </tr>\n",
       "    <tr>\n",
       "      <th>period</th>\n",
       "      <td>0.955914</td>\n",
       "      <td>0.005061</td>\n",
       "      <td>-0.039737</td>\n",
       "      <td>-0.030059</td>\n",
       "      <td>0.039737</td>\n",
       "      <td>-0.030059</td>\n",
       "      <td>-0.047021</td>\n",
       "      <td>1.000000</td>\n",
       "      <td>0.003905</td>\n",
       "      <td>0.007153</td>\n",
       "      <td>0.047311</td>\n",
       "      <td>-0.032152</td>\n",
       "      <td>NaN</td>\n",
       "      <td>-0.003357</td>\n",
       "    </tr>\n",
       "    <tr>\n",
       "      <th>playoffs</th>\n",
       "      <td>-0.007963</td>\n",
       "      <td>0.917898</td>\n",
       "      <td>-0.000857</td>\n",
       "      <td>-0.007751</td>\n",
       "      <td>0.000857</td>\n",
       "      <td>-0.007751</td>\n",
       "      <td>0.009583</td>\n",
       "      <td>0.003905</td>\n",
       "      <td>1.000000</td>\n",
       "      <td>-0.005951</td>\n",
       "      <td>-0.007751</td>\n",
       "      <td>-0.001257</td>\n",
       "      <td>NaN</td>\n",
       "      <td>0.612991</td>\n",
       "    </tr>\n",
       "    <tr>\n",
       "      <th>seconds_remaining</th>\n",
       "      <td>-0.018670</td>\n",
       "      <td>-0.009029</td>\n",
       "      <td>0.057766</td>\n",
       "      <td>0.001512</td>\n",
       "      <td>-0.057766</td>\n",
       "      <td>0.001512</td>\n",
       "      <td>0.024232</td>\n",
       "      <td>0.007153</td>\n",
       "      <td>-0.005951</td>\n",
       "      <td>1.000000</td>\n",
       "      <td>-0.055875</td>\n",
       "      <td>0.030804</td>\n",
       "      <td>NaN</td>\n",
       "      <td>-0.004833</td>\n",
       "    </tr>\n",
       "    <tr>\n",
       "      <th>shot_distance</th>\n",
       "      <td>0.063295</td>\n",
       "      <td>-0.027247</td>\n",
       "      <td>-0.818124</td>\n",
       "      <td>0.022307</td>\n",
       "      <td>0.818124</td>\n",
       "      <td>0.022307</td>\n",
       "      <td>-0.064159</td>\n",
       "      <td>0.047311</td>\n",
       "      <td>-0.007751</td>\n",
       "      <td>-0.055875</td>\n",
       "      <td>1.000000</td>\n",
       "      <td>-0.198242</td>\n",
       "      <td>NaN</td>\n",
       "      <td>0.020464</td>\n",
       "    </tr>\n",
       "    <tr>\n",
       "      <th>shot_made_flag</th>\n",
       "      <td>-0.037232</td>\n",
       "      <td>-0.001612</td>\n",
       "      <td>0.148070</td>\n",
       "      <td>-0.000848</td>\n",
       "      <td>-0.148070</td>\n",
       "      <td>-0.000848</td>\n",
       "      <td>0.028342</td>\n",
       "      <td>-0.032152</td>\n",
       "      <td>-0.001257</td>\n",
       "      <td>0.030804</td>\n",
       "      <td>-0.198242</td>\n",
       "      <td>1.000000</td>\n",
       "      <td>NaN</td>\n",
       "      <td>-0.013016</td>\n",
       "    </tr>\n",
       "    <tr>\n",
       "      <th>team_id</th>\n",
       "      <td>NaN</td>\n",
       "      <td>NaN</td>\n",
       "      <td>NaN</td>\n",
       "      <td>NaN</td>\n",
       "      <td>NaN</td>\n",
       "      <td>NaN</td>\n",
       "      <td>NaN</td>\n",
       "      <td>NaN</td>\n",
       "      <td>NaN</td>\n",
       "      <td>NaN</td>\n",
       "      <td>NaN</td>\n",
       "      <td>NaN</td>\n",
       "      <td>NaN</td>\n",
       "      <td>NaN</td>\n",
       "    </tr>\n",
       "    <tr>\n",
       "      <th>shot_id</th>\n",
       "      <td>0.025433</td>\n",
       "      <td>0.761232</td>\n",
       "      <td>-0.033476</td>\n",
       "      <td>-0.012453</td>\n",
       "      <td>0.033476</td>\n",
       "      <td>-0.012453</td>\n",
       "      <td>-0.008251</td>\n",
       "      <td>-0.003357</td>\n",
       "      <td>0.612991</td>\n",
       "      <td>-0.004833</td>\n",
       "      <td>0.020464</td>\n",
       "      <td>-0.013016</td>\n",
       "      <td>NaN</td>\n",
       "      <td>1.000000</td>\n",
       "    </tr>\n",
       "  </tbody>\n",
       "</table>\n",
       "</div>"
      ],
      "text/plain": [
       "                   game_event_id   game_id       lat     loc_x     loc_y  \\\n",
       "game_event_id           1.000000 -0.005982 -0.059602 -0.029954  0.059602   \n",
       "game_id                -0.005982  1.000000  0.011361 -0.012944 -0.011361   \n",
       "lat                    -0.059602  0.011361  1.000000  0.017578 -1.000000   \n",
       "loc_x                  -0.029954 -0.012944  0.017578  1.000000 -0.017578   \n",
       "loc_y                   0.059602 -0.011361 -1.000000 -0.017578  1.000000   \n",
       "lon                    -0.029954 -0.012944  0.017578  1.000000 -0.017578   \n",
       "minutes_remaining      -0.274276  0.009581  0.077399  0.006624 -0.077399   \n",
       "period                  0.955914  0.005061 -0.039737 -0.030059  0.039737   \n",
       "playoffs               -0.007963  0.917898 -0.000857 -0.007751  0.000857   \n",
       "seconds_remaining      -0.018670 -0.009029  0.057766  0.001512 -0.057766   \n",
       "shot_distance           0.063295 -0.027247 -0.818124  0.022307  0.818124   \n",
       "shot_made_flag         -0.037232 -0.001612  0.148070 -0.000848 -0.148070   \n",
       "team_id                      NaN       NaN       NaN       NaN       NaN   \n",
       "shot_id                 0.025433  0.761232 -0.033476 -0.012453  0.033476   \n",
       "\n",
       "                        lon  minutes_remaining    period  playoffs  \\\n",
       "game_event_id     -0.029954          -0.274276  0.955914 -0.007963   \n",
       "game_id           -0.012944           0.009581  0.005061  0.917898   \n",
       "lat                0.017578           0.077399 -0.039737 -0.000857   \n",
       "loc_x              1.000000           0.006624 -0.030059 -0.007751   \n",
       "loc_y             -0.017578          -0.077399  0.039737  0.000857   \n",
       "lon                1.000000           0.006624 -0.030059 -0.007751   \n",
       "minutes_remaining  0.006624           1.000000 -0.047021  0.009583   \n",
       "period            -0.030059          -0.047021  1.000000  0.003905   \n",
       "playoffs          -0.007751           0.009583  0.003905  1.000000   \n",
       "seconds_remaining  0.001512           0.024232  0.007153 -0.005951   \n",
       "shot_distance      0.022307          -0.064159  0.047311 -0.007751   \n",
       "shot_made_flag    -0.000848           0.028342 -0.032152 -0.001257   \n",
       "team_id                 NaN                NaN       NaN       NaN   \n",
       "shot_id           -0.012453          -0.008251 -0.003357  0.612991   \n",
       "\n",
       "                   seconds_remaining  shot_distance  shot_made_flag  team_id  \\\n",
       "game_event_id              -0.018670       0.063295       -0.037232      NaN   \n",
       "game_id                    -0.009029      -0.027247       -0.001612      NaN   \n",
       "lat                         0.057766      -0.818124        0.148070      NaN   \n",
       "loc_x                       0.001512       0.022307       -0.000848      NaN   \n",
       "loc_y                      -0.057766       0.818124       -0.148070      NaN   \n",
       "lon                         0.001512       0.022307       -0.000848      NaN   \n",
       "minutes_remaining           0.024232      -0.064159        0.028342      NaN   \n",
       "period                      0.007153       0.047311       -0.032152      NaN   \n",
       "playoffs                   -0.005951      -0.007751       -0.001257      NaN   \n",
       "seconds_remaining           1.000000      -0.055875        0.030804      NaN   \n",
       "shot_distance              -0.055875       1.000000       -0.198242      NaN   \n",
       "shot_made_flag              0.030804      -0.198242        1.000000      NaN   \n",
       "team_id                          NaN            NaN             NaN      NaN   \n",
       "shot_id                    -0.004833       0.020464       -0.013016      NaN   \n",
       "\n",
       "                    shot_id  \n",
       "game_event_id      0.025433  \n",
       "game_id            0.761232  \n",
       "lat               -0.033476  \n",
       "loc_x             -0.012453  \n",
       "loc_y              0.033476  \n",
       "lon               -0.012453  \n",
       "minutes_remaining -0.008251  \n",
       "period            -0.003357  \n",
       "playoffs           0.612991  \n",
       "seconds_remaining -0.004833  \n",
       "shot_distance      0.020464  \n",
       "shot_made_flag    -0.013016  \n",
       "team_id                 NaN  \n",
       "shot_id            1.000000  "
      ]
     },
     "execution_count": 33,
     "metadata": {},
     "output_type": "execute_result"
    }
   ],
   "source": [
    "traindata.corr(method='pearson', min_periods=1)"
   ]
  }
 ],
 "metadata": {
  "kernelspec": {
   "display_name": "Python 2",
   "language": "python",
   "name": "python2"
  },
  "language_info": {
   "codemirror_mode": {
    "name": "ipython",
    "version": 2
   },
   "file_extension": ".py",
   "mimetype": "text/x-python",
   "name": "python",
   "nbconvert_exporter": "python",
   "pygments_lexer": "ipython2",
   "version": "2.7.11"
  }
 },
 "nbformat": 4,
 "nbformat_minor": 0
}
